RK  Player  Team    W   L   ERA▲    G   GS  SV  SVO IP  H   R   ER  HR  BB  SO  AVG WHIP
1    Ryu, H LAD 6   1   1.52    9   9   0   0   59.1    40  10  10  6   4   59  .190    0.74
2    Davies, Z  MIL 5   0   1.54    9   9   0   0   52.2    46  14  9   4   16  36  .240    1.18
3    Glasnow, T TB  6   1   1.86    8   8   0   0   48.1    35  11  10  3   9   55  .202    0.91
4    Castillo, L    CIN 5   1   1.90    10  10  0   0   61.2    34  13  13  3   25  76  .163    0.96
5    Paddack, C SD  4   2   1.93    9   9   0   0   51.1    28  15  11  4   11  56  .156    0.76
6    Lyles, J   PIT 4   1   1.97    8   8   0   0   45.2    32  11  10  4   16  47  .199    1.05
7    Smith, C   MIA 3   1   2.25    8   8   0   0   48.0    30  12  12  6   14  64  .180    0.92
8    Odorizzi, J    MIN 6   2   2.38    10  10  0   0   53.0    37  15  14  4   19  52  .195    1.06
9    Verlander, J   HOU 7   1   2.38    10  10  0   0   64.1    35  17  17  11  16  77  .154    0.79
10   Turnbull, S    DET 2   3   2.40    9   9   0   0   48.2    41  20  13  4   20  50  .224    1.25
11   German, D  NYY 8   1   2.50    9   8   0   0   50.1    33  16  14  4   15  52  .179    0.95
12   Minor, M   TEX 5   3   2.64    10  10  0   0   64.2    53  19  19  6   20  67  .229    1.13
13   Morton, C  TB  4   0   2.65    10  10  0   0   54.1    40  18  16  4   25  67  .203    1.20
14   Montas, F  OAK 5   2   2.67    9   9   0   0   54.0    50  22  16  4   11  52  .243    1.13
15   Greinke, Z ARI 6   1   2.78    10  10  0   0   64.2    49  21  20  8   8   62  .210    0.88
16   Fried, M   ATL 6   2   2.86    11  9   0   0   50.1    46  17  16  6   11  46  .240    1.13
17   Perez, M   MIN 6   1   2.89    10  7   0   0   53.0    45  18  17  4   22  53  .231    1.26
18   Eflin, Z   PHI 5   4   2.89    9   9   0   0   56.0    52  20  18  8   9   45  .244    1.09
19   Stroman, M TOR 1   6   2.95    10  10  0   0   58.0    56  26  19  3   19  51  .250    1.29
20   Tanaka, M  NYY 3   3   3.09    10  10  0   0   58.1    52  22  20  8   14  53  .237    1.13
21   Hamels, C  CHC 4   0   3.13    9   9   0   0   54.2    43  21  19  7   20  54  .216    1.15
22   Weaver, L  ARI 3   3   3.14    10  10  0   0   57.1    49  21  20  6   12  62  .226    1.06
23   Hendricks, K   CHC 4   4   3.21    9   9   0   0   56.0    55  27  20  5   11  45  .255    1.18
24   Bieber, S  CLE 3   2   3.22    10  9   0   0   58.2    46  23  21  10  13  69  .210    1.01
25   Ray, R ARI 3   1   3.25    10  10  0   0   52.2    42  24  19  4   29  67  .218    1.35
26   Corbin, P  WSH 4   2   3.25    10  10  0   0   63.2    49  24  23  8   21  76  .209    1.10
27   Chirinos, Y    TB  5   1   3.26    9   4   0   0   47.0    35  19  17  8   8   33  .208    0.91
28   Snell, B   TB  3   4   3.31    9   9   0   0   49.0    37  19  18  6   12  71  .211    1.00
29   Strasburg, S   WSH 4   3   3.32    10  10  0   0   65.0    48  25  24  7   16  82  .204    0.98
30   Williams, T    PIT 2   1   3.33    9   9   0   0   54.0    51  21  20  4   10  42  .250    1.13
31   Berrios, J MIN 6   2   3.39    10  10  0   0   63.2    61  24  24  9   11  60  .249    1.13
32   Boyd, M    DET 4   4   3.41    10  10  0   0   60.2    48  24  23  7   13  73  .214    1.01
33   Kikuchi, Y SEA 3   1   3.43    11  11  0   0   60.1    51  29  23  8   14  49  .226    1.08
34   Maeda, K   LAD 5   2   3.51    9   9   0   0   51.1    41  20  20  6   20  52  .220    1.19
34   Mahle, T   CIN 1   5   3.51    9   9   0   0   51.1    49  20  20  7   11  54  .250    1.17
34   Roark, T   CIN 3   3   3.51    10  10  0   0   51.1    50  21  20  2   23  50  .254    1.42
37   Miley, W   HOU 4   2   3.51    10  10  0   0   56.1    53  23  22  8   13  37  .243    1.17
37   Woodruff, B    MIL 6   1   3.51    10  10  0   0   56.1    52  22  22  6   17  65  .248    1.22
39   Cole, G    HOU 4   4   3.56    10  10  0   0   60.2    47  28  24  9   16  93  .207    1.04
40   Gonzales, M    SEA 5   3   3.65    11  11  0   0   61.2    65  34  25  6   18  45  .271    1.35
41   Musgrove, J    PIT 3   4   3.67    10  9   0   0   54.0    41  29  22  2   17  44  .206    1.07
42   Quintana, J    CHC 4   3   3.68    9   8   0   0   51.1    50  23  21  7   15  50  .253    1.27
43   Samardzija, J  SF  2   2   3.69    9   9   0   0   46.1    39  20  19  8   16  34  .228    1.19
44   Scherzer, M    WSH 2   5   3.72    10  10  0   0   65.1    64  30  27  6   14  87  .254    1.19
45   Bauer, T   CLE 4   2   3.76    10  10  0   0   64.2    44  30  27  8   31  75  .193    1.16
46   Arrieta, J PHI 4   4   3.77    10  10  0   0   62.0    60  29  26  8   25  51  .260    1.37
47   Marquez, G COL 4   2   3.80    10  10  0   0   64.0    64  27  27  8   12  65  .259    1.19
48   Buehler, W LAD 4   1   3.83    9   9   0   0   49.1    42  25  21  5   10  46  .230    1.05
49   Teheran, J ATL 3   4   3.88    10  10  0   0   55.2    45  24  24  8   26  56  .221    1.28
50   Sanchez, A TOR 3   4   3.88    10  10  0   0   51.0    48  27  22  6   29  50  .250    1.51